doc_id,gender,interviewer,topic_1,topic_10,topic_11,topic_2,topic_3,topic_4,topic_5,topic_6,topic_7,topic_8,topic_9
RG-50.030.0006_trs_en.txt,Male,Linda G. Kuzmack; Linda G. Kuzmack,0.000578136301421427,0.22607675270326,0.0316654025040615,0.141855014218035,0.047119384065966,0.0361117585399506,0.0846697843852285,0.0757518619796587,0.16262968592203,0.0989192408953847,0.0946229784850027
RG-50.030.0014_trs_en.txt,Female,Linda G. Kuzmack; Linda G. Kuzmack,0.00074489592234121,0.00252856307432785,0.0434414549106072,0.0140097776598978,0.0242853244943007,0.0562472311240379,0.405309595018659,0.0669911824017446,0.316043407537419,0.0273854727132006,0.0430130951434643
RG-50.030.0016_trs_en.txt,Male,Randy M. Goldman; Randy M. Goldman,0.000388053621904139,0.184257045368788,0.025916999455842,0.377141508425296,0.0366391884400237,0.136874658475627,0.0875112799733606,0.0229250360662388,0.0186713350712553,0.0714761012788608,0.038198793822804
RG-50.030.0038_trs_en.txt,Male,Linda G. Kuzmack; Linda G. Kuzmack,0.000723128969896578,0.0694514771030886,0.0289226786363481,0.0625194097031579,0.0348283736805997,0.0142877569741291,0.0266608164438724,0.0340981878190411,0.608334777901635,0.0398433559094788,0.080330036858753
RG-50.030.0054_trs_en.txt,Female,Adina Conn; Adina Conn,0.000999924999565633,0.003732602011008,0.0284300156703559,0.0917728499747244,0.0448574664230418,0.0324666527649214,0.116014497634993,0.0260961994914758,0.633632762221825,0.0119326032460408,0.0100644255620478
RG-50.030.0063_trs_en.txt,Male,Dr. Joan Ringelheim; Dr. Joan Ringelheim,0.000336723459502558,0.0346569969376052,0.0484800819654935,0.0427152046519881,0.0290992503186629,0.00733453503145487,0.0132744265041919,0.0356438699992908,0.0262458477915747,0.0820656492493636,0.680147414090872
RG-50.030.0069_trs_en.txt,Female,Linda G. Kuzmack; Linda G. Kuzmack,0.000561729358863254,0.00598765430253409,0.0433837150049278,0.147582514876578,0.065870456147359,0.292456054016137,0.161360608502322,0.116007919111092,0.109361224004304,0.0558427225724035,0.00158540210347942
RG-50.030.0074_trs_en.txt,Male,Michael Berenbaum; Dr. Joan Ringelheim,0.000201911891447418,0.100354920462052,0.0422384295974517,0.0343813133818749,0.0783903465228017,0.0173833156019287,0.0416653837765253,0.0237139260877636,0.0283647793548534,0.431539755751002,0.201765917572299
RG-50.030.0092_trs_en.txt,Male,Linda G. Kuzmack; Linda G. Kuzmack,6.80157094318524e-05,0.100819963624396,0.00903970624314628,0.209006154944403,0.0126370681029994,0.53169776959381,0.0243375147727893,0.0292896806592505,0.0367694575069244,0.0393808006386976,0.0069538682041521
RG-50.030.0095_trs_en.txt,Male,Linda G. Kuzmack; Linda G. Kuzmack,0.000564396990728133,0.068269719637514,0.0415227456895312,0.0510346811227485,0.0316426283168446,0.0653038456206236,0.0986367394942996,0.0342215003464931,0.235197751514275,0.201072011432805,0.172533979834137
RG-50.030.0103_trs_en.txt,Male,Holly Snyder; Holly Snyder,0.011707805220894,0.023966542052054,0.023991281425205,0.00486067847752719,0.0471242291351076,0.0056055426312006,0.069331005370822,0.116642289006375,0.00089611141684913,0.0409446568729414,0.654929858391024
RG-50.030.0104_trs_en.txt,Male,Linda G. Kuzmack; Linda G. Kuzmack,0.000355345334974321,0.493476805588011,0.0415885099389713,0.0884357515612914,0.0385336738795123,0.130791731146729,0.0171596596606967,0.0634061444777568,0.0272693769799898,0.0567081338605417,0.0422748675715262
RG-50.030.0122_trs_en.txt,Female,Linda G. Kuzmack; Linda G. Kuzmack,0.000900687674494775,0.0165726993731071,0.0216620601784035,0.0566716675475719,0.0342983502691222,0.0631575827505333,0.111067940195061,0.0402395204365277,0.640345225300067,0.0101413000550841,0.00494296622002758
RG-50.030.0123_trs_en.txt,Female,Linda G. Kuzmack; Linda G. Kuzmack,0.000480008605906078,0.0250599186039314,0.0412636304760608,0.29552874380987,0.0343573919188179,0.184444832247588,0.0352734544984921,0.0433354193421732,0.30004779625093,0.0388441189400968,0.00136468530613319
RG-50.030.0135_trs_en.txt,Male,Linda G. Kuzmack; Linda G. Kuzmack,0.0008748252669435,0.067452864063251,0.0294724151303675,0.0308655862716368,0.0346019197027591,0.0221605643902599,0.0373941380414371,0.0422063481941782,0.0867377329152121,0.558400939169892,0.0898326668540631
RG-50.030.0186_trs_en.txt,Female,Linda G. Kuzmack; Linda G. Kuzmack,0.00188348456118267,0.010393631803152,0.153668466034815,0.0973127390775472,0.0557839704584471,0.0159387773123342,0.279832293250437,0.0344776837056822,0.292770844421696,0.0538267351575341,0.00411137421717173
RG-50.030.0200_trs_en.txt,Male,Linda G. Kuzmack; Linda G. Kuzmack,0.000911150253643293,0.43396953957499,0.0681902661437297,0.119544604983232,0.0273506892952318,0.055479514183352,0.0467510596690924,0.0514481143891882,0.101350251640562,0.0471138875230472,0.0478909223439321
RG-50.030.0211_trs_en.txt,Male,Linda G. Kuzmack; Linda G. Kuzmack,0.000144933512795451,0.302338761988677,0.00699416112374279,0.177165143814359,0.00643561808547449,0.19018593749074,0.0324717262778592,0.0299763725640783,0.166324102179889,0.0286517987036979,0.0593114442586868
RG-50.030.0215_trs_en.txt,Male,Linda G. Kuzmack; Linda G. Kuzmack,0.000133142645703801,0.226949227533758,0.0136308881594174,0.191008507930248,0.0107440947345456,0.284004022656955,0.0579664851279926,0.0423275431202285,0.0459672554238114,0.0987530231055882,0.0285158095617512
RG-50.030.0217_trs_en.txt,Male,Linda G. Kuzmack; Linda G. Kuzmack,0.000365257412873045,0.365430282021556,0.0405209002559546,0.123470827715258,0.0251710502725431,0.124153811705342,0.0174149285524756,0.0637192977731564,0.191281882631096,0.00870991047308584,0.03976185118666
RG-50.030.0264_trs_en.txt,Female,Linda G. Kuzmack; Linda G. Kuzmack,0.00135153934591854,0.0156870925938995,0.0531234226841522,0.0196306467144253,0.0411161290794149,0.0704683777454885,0.129944704331424,0.0807858602646618,0.47921376922062,0.0782316593671098,0.0304467986528851
RG-50.030.0276_trs_en.txt,Male,Dr. Radu Ioanid; Dr. Radu Ioanid,0.000177860654295248,0.325740288287894,0.027503090086974,0.225926113306907,0.0297063045241933,0.067446195634072,0.0609457251301849,0.0680215252267164,0.123997335728804,0.0263019963386132,0.0442335650813459
RG-50.030.0284_trs_en.txt,Male,Dr. Joan Ringelheim; Dr. Joan Ringelheim,0.00054570152597027,0.0735516146398826,0.0563894741157486,0.0551118464565494,0.0198720531532571,0.0266015965425256,0.0533460998533073,0.0304783195088042,0.0311504161648122,0.19169579082304,0.461257087216103
RG-50.030.0293_trs_en.txt,Female,Sandra Bradley; Sandra Bradley,0.000111019520062874,0.0728440359036021,0.0470281347721256,0.14463539521276,0.0448497599219645,0.402244340751761,0.0567172446237166,0.0320891175753965,0.159004432413043,0.0287689940541931,0.0117075252513754
RG-50.030.0301_trs_en.txt,Male,Dr. Joan Ringelheim; Dr. Joan Ringelheim,0.000301654154409441,0.0128303844275274,0.0362567831161457,0.0411481454696917,0.0304540396367988,0.00999094289105139,0.0207466489738167,0.0225136082989418,0.0638198533812122,0.0122051000388813,0.749732839611524
RG-50.030.0314_trs_en.txt,Male,Randy M. Goldman; Randy M. Goldman,0.00119626784039052,0.0152183998388092,0.0322127065188755,0.0277141919805301,0.0342329686099557,0.0140552653658586,0.0525710173129968,0.0563502934568827,0.00249229828414376,0.113009400813086,0.650947189978471
RG-50.030.0330_trs_en.txt,Male,Judith Goldstein; Judith Goldstein,0.000225809520808135,0.00136982873018492,0.00698802840388852,0.00855697393271887,0.0216049060467412,0.0340525023694229,0.207297232182182,0.0474396833350462,0.0466754510538254,0.0143727392286015,0.611416845196581
RG-50.030.0335_trs_en.txt,Male,Randy M. Goldman; Randy M. Goldman,0.000452886758945284,0.0454850927640809,0.0441871936832217,0.0607328636093179,0.0380458983738,0.0226784292432635,0.0224562891158449,0.03051648327585,0.00664616451024767,0.411182032567838,0.31761666609759
RG-50.030.0358_trs_en.txt,Female,Randy M. Goldman; Randy M. Goldman,0.000386030737783094,0.00518365768894908,0.0371655750934746,0.492254809229778,0.050831447719693,0.270119901858048,0.042007676220913,0.0288240532085219,0.00358251497237981,0.0661423487789015,0.00350198449155889
RG-50.030.0400_trs_en.txt,Female,Katie Davis; Katie Davis,6.72685841812573e-05,0.00523910502778379,0.00175064000767736,0.291945735788968,0.0128649477295017,0.563212584563626,0.0918767042232535,0.0174289010229287,0.000894883260496812,0.014234098044736,0.000485131746846798
RG-50.030.0406_trs_en.txt,Male,Dr. Joan Ringelheim; Dr. Joan Ringelheim,0.000309301065489844,0.0417198858938557,0.0321050548294433,0.100078160089213,0.0237768089483819,0.0283777131502229,0.0299994202652427,0.0233818498337069,0.0752316219412898,0.0249340201109636,0.620086163872191
RG-50.030.0412_trs_en.txt,Female,Dr. Joan Ringelheim; Dr. Joan Ringelheim,0.00114019990013291,0.0218855292883171,0.0860898226444287,0.192743858506615,0.0425499827201582,0.292665272007372,0.139816427208977,0.0346424399034052,0.116042878966239,0.0272577478481613,0.0451658410061932
RG-50.030.0416_trs_en.txt,Male,Ina Navazelskis; Ina Navazelskis,0.00014360298620537,0.043120521768897,0.0342026405066244,0.413386726322056,0.0833603307252995,0.187536645804951,0.117924396024667,0.0571631415247745,0.0327966941048458,0.0129066301001539,0.0174586701315254
RG-50.030.0423_trs_en.txt,Male,Chris Johnson; Chris Johnson,0.00284329218012394,0.0740324792386266,0.0712948325118792,0.0186009849750308,0.0446593452371402,0.00252375960743177,0.141164734220796,0.0490170074018386,0.385734807053431,0.102959280481904,0.107169477091798
RG-50.030.0424_trs_en.txt,Male,Randy M. Goldman; Randy M. Goldman,0.000177749637232444,0.0859783485154051,0.0259328378823714,0.309793565436242,0.0273558593983602,0.341492924288497,0.0906371668569001,0.0334367198170056,0.00244255974099015,0.0527891360391083,0.0299631323878875
RG-50.030.0443_trs_en.txt,Male,Mr. Scott Miller; Mr. Scott Miller,0.00031123748525742,0.0521243493526646,0.00401855360386692,0.026540740584155,0.0648088796763965,0.0440574790811055,0.0310986012778981,0.0361278032385537,0.0815875635099389,0.206889799843135,0.452434992347029
RG-50.030.0482_trs_en.txt,Female,Vera Frankl; Vera Frankl,0.000127679836659985,0.0728008423984881,0.380794636165137,0.0511447931584387,0.0513377412303834,0.0110519899273078,0.0398044483430937,0.0257592019814336,0.0851644680040267,0.0158228669932681,0.266191331961763
RG-50.030.0518_trs_en.txt,Female,Sidney M. Bolkosky; Sidney M. Bolkosky,0.000119299655156773,0.0127927705414891,0.0333335555686068,0.208537061643736,0.0838847800735166,0.36807630031196,0.163165342316041,0.0821605001944784,0.00398376263959735,0.043341905308079,0.000604721747339701
RG-50.030.0534_trs_en.txt,Female,Peggy Frankston; Peggy Frankston,0.0019189835254496,0.00158636449161786,0.209379646883354,0.0860186991055602,0.0562634345023175,0.0136641429179569,0.371600754968964,0.111747299886109,0.129271390161915,0.0168113810850589,0.00173790247169677
RG-50.030.0547_trs_en.txt,Female,Ina Navazelskis; Ina Navazelskis,0.000630163231353124,0.00268958588536449,0.100430666937046,0.0929334577885388,0.094883174181059,0.058857193111325,0.288611790511068,0.0779604305852598,0.245456520885289,0.0350234070640136,0.00252360981968242
RG-50.030.0590_trs_en.txt,Female,Ina Navazelskis; Ina Navazelskis,0.000157506397635299,0.00683357452565411,0.0426403244196541,0.0923135318978481,0.0643588310792163,0.586484867739816,0.128895757634174,0.0444719027291628,0.0225724346953547,0.00813515319809304,0.00313611568339138
RG-50.030.0591_trs_en.txt,Female,Ina Navazelskis; Ina Navazelskis,0.00037727789613896,0.00100037299419527,0.0304789100977942,0.0713691099711896,0.115286059214086,0.204500146732408,0.350131878573785,0.0655441015143915,0.0495797133538069,0.10982111729373,0.001911312358475
RG-50.030.0592_trs_en.txt,Male,Ann E. Erling Gofus; Ann E. Erling Gofus,0.00527650828131196,0.0508113969903437,0.0173805895428838,0.0469977205722841,0.0195669427902156,0.00369301570386213,0.232340799563452,0.105786392508006,0.0543619494149676,0.228328888029631,0.235455796603043
RG-50.030.0605_trs_en.txt,Female,Agnieszka McClure; Agnieszka McClure,0.00111778693371462,0.000775372006111058,0.0338032476415571,0.0551546266051791,0.0679808834251982,0.0186779141978945,0.347665527659028,0.0561889155527854,0.134998271777818,0.282086137863009,0.00155131633770592
RG-50.030.0616_trs_en.txt,Female,Ina Navazelskis; Ina Navazelskis,0.000303137751303685,0.000268787249289122,0.018196849283355,0.011562596872153,0.198014566808001,0.108732864153236,0.274784843946706,0.127956182533636,0.0336993973935582,0.224757163804137,0.00172361020462475
RG-50.030.0695_trs_en.txt,Male,Ina Navazelskis; Ina Navazelskis,0.000147853765451607,0.0170491196250547,0.0535608708532376,0.226052994374279,0.103390483294409,0.345229472733055,0.115224787695142,0.0538016465770288,0.0210684363144543,0.043913801017763,0.0205605337501246
RG-50.030.0698_trs_en.txt,Female,Ina Navazelskis; Ina Navazelskis,0.000182284829117451,0.00414350235380995,0.0407288613353364,0.341601271854246,0.0621843413109912,0.329868867610062,0.109308897784343,0.0890892424567878,0.0139959361891233,0.00725467201468795,0.00164212226149474
RG-50.030.0710_trs_en.txt,Male,Duncan Little; Duncan Little,0.00150194641841552,0.455695232403362,0.0969896500494239,0.173298876769302,0.02730247770733,0.00152914607934744,0.00436365936443194,0.0763487968523231,0.076088083434978,0.00435162611485498,0.0825305048062319
RG-50.030.0721_trs_en.txt,Female,Ina Navazelskis; Ina Navazelskis,0.000660767878980956,0.000661023957944374,0.0363603586558789,0.057630437000035,0.0479656831858754,0.0470009113900962,0.582917192784153,0.0891039035124516,0.067442094049615,0.068316959516811,0.00194066806815874
RG-50.030.0769_trs_en.txt,Male,Ina Navazelskis; Ina Navazelskis,0.000155012166521642,0.161995959770666,0.0413282711982577,0.0550334775916529,0.0489861986674551,0.335497452433823,0.1309894651314,0.0333913971628987,0.0347020066279679,0.0315875791563464,0.126333180093011
RG-50.030.0788_trs_en.txt,Male,Ina Navazelskis; Ina Navazelskis,0.000250870033592155,0.0580095175613609,0.0814197874398083,0.0729256358303237,0.0840700587381818,0.232665895866772,0.133545699766779,0.0438139292838913,0.0907345261491795,0.0916352897945501,0.110928789535562
RG-50.030.0790_trs_en.txt,Female,Ina Navazelskis; Ina Navazelskis,0.000146029552448984,0.00317687712164718,0.0213022804664938,0.621513963815773,0.0325775926597964,0.124533345681028,0.0773960763922764,0.042627061790393,0.0491922957877644,0.0271149872852803,0.000419489447098859
RG-50.030.0814_trs_en.txt,Female,Ina Navazelskis; Ina Navazelskis,0.000216043935075106,0.0108353019277978,0.0258300460236512,0.0577048947880426,0.0657526992360159,0.428709377550164,0.180846447967671,0.0748234425806597,0.0929441083136327,0.0604189853382968,0.00191865233899324
RG-50.030.0841_trs_en.txt,Male,Ina Navazelskis; Ina Navazelskis,0.000275176592729214,0.0423316689204509,0.0438559924593453,0.181417607336974,0.192925877212423,0.0964849446436314,0.146319695005442,0.0618079247358798,0.184933566620546,0.0297690635025861,0.0198784829699917
RG-50.042.0007_trs_en.txt,Male,Sandra Bradley; Sandra Bradley,0.000105583826967109,0.39150495671418,0.0750285257105652,0.189619519691672,0.125005033005361,0.0313399919659078,0.0469521174951346,0.0331702781726656,0.0612344162148364,0.0225135445780161,0.0235260326246952
RG-50.042.0016_trs_en.txt,Male,Sandra Bradley; Sandra Bradley,8.19873552680047e-05,0.544512173175109,0.0577556786030799,0.0720423332219509,0.029822870720305,0.0409028332365851,0.0178596626838938,0.0376396644446756,0.0623526266433493,0.0114236370851358,0.125606532830648
RG-50.106.0007_trs_en.txt,Male,Gail Schwartz; Gail Schwartz,0.00014778453000687,0.151771327540872,0.0352376648812749,0.229395131142969,0.0372900237282198,0.017493509248903,0.245217499095529,0.0696263081248026,0.129751129289819,0.0732915051677124,0.0107781172498914
RG-50.106.0122_trs_en.txt,Male,Mira Hodos; Mira Hodos,0.000106435038988653,0.152286885339913,0.0109876507879258,0.486725442596133,0.0300932234183734,0.0756071427501952,0.051125462965215,0.0268623407477165,0.108927089747889,0.0547759398847301,0.00250238672291962
RG-50.106.0131_trs_en.txt,Male,Gail Schwartz; Gail Schwartz,0.000188086003679633,0.0501533660522112,0.0508507277972115,0.177162618824116,0.047111209613701,0.104250218621857,0.35041219747107,0.0552322445131641,0.0799427340978854,0.0514368673128188,0.033259729692286
RG-50.106.0147_trs_en.txt,Female,Gail Schwartz; Gail Schwartz,0.000578933539555233,0.011578876865052,0.129000645000306,0.110468359600645,0.0825460289920426,0.0171959174410433,0.403839094064086,0.0318020821250016,0.110839617121114,0.0767749512023538,0.0253754940488003
RG-50.106.0192_trs_en.txt,Male,Gail Schwartz; Gail Schwartz,0.000192884980247382,0.0598269019377429,0.0639838774743491,0.0602090740117504,0.0551220918908684,0.0562185253151844,0.301829742849275,0.0589400506006008,0.0391589929447265,0.19441951477776,0.110098343217496
RG-50.106.0202_trs_en.txt,Male,Gail Schwartz; Gail Schwartz,0.000191521842183233,0.0948304686015604,0.0252688587752197,0.021839871747265,0.0634556069138864,0.0270281124113205,0.578480819367026,0.109095122940692,0.0339107990174337,0.01756373994623,0.0283350784371832
RG-50.106.0215_trs_en.txt,Male,Gail Schwartz; Gail Schwartz,0.000211925427437894,0.13139818529696,0.0315132085334103,0.0132043322474748,0.0317121016488407,0.0143337947885804,0.332461420961546,0.0832412292013741,0.0337369631708777,0.219435064885265,0.108751773838234
RG-50.106.0226_trs_en.txt,Male,Gail Schwartz; Gail Schwartz,0.00100636003561406,0.0981438384812313,0.0255454828011992,0.0948131539809533,0.0459181258901685,0.0571268404081746,0.390441207650063,0.110593553432696,0.0592242514027896,0.0984518671876513,0.0187353187294589
RG-50.233.0060_trs_en.txt,Male,Anthony Young; Anthony Young,0.00180570335447836,0.472476487611128,0.0058849945649723,0.11962985483994,0.0290917558024593,0.269377025345022,0.0225231660647936,0.0717323072609896,0.00235273199474295,0.00235617349395867,0.00276979966751592
RG-50.233.0119_01_trs_en.txt,Male,NULL,0.0134494175577874,0.0840158025822001,0.0123364822136159,0.0705525193749497,0.0312261610514203,0.464055836054358,0.162595999027217,0.022198785935882,0.0690433798474335,0.0178074330361908,0.0527181833189453
RG-50.233.0129_trs_en.txt,Male,Jennifer Clayman,0.000429871888041429,0.15189157300596,0.00578801542633835,0.338811643890373,0.0556164367763273,0.102536460710599,0.0909556320879477,0.0155400607461847,0.0948039406873229,0.129042181454235,0.0145841833266709
RG-50.234.0022_trs_en.txt,Male,NULL,0.0175556111040661,0.0426722765686417,0.0167474778702045,0.00349548880205998,0.0165071844279907,0.0242052746850706,0.0292580957883945,0.0140097166935665,0.0101569254539567,0.0410662123550181,0.784325736251031
RG-50.470.0006_trs_en.txt,Female,Sandra Bradley,0.000488577117799121,0.265335743185668,0.0415199421257697,0.194132660686584,0.0513753635043096,0.0693411011546274,0.0303843126906128,0.0798703593870001,0.0588630174027848,0.205001588839528,0.0036873339053169
RG-50.470.0015_trs_en.txt,Male,Sandra Bradley,0.00011831809102097,0.599036032479202,0.0700187317097506,0.0975629609736629,0.0501707455450004,0.0265652588329875,0.00530629760948215,0.00699935517522283,0.00622921363575011,0.0144578121063924,0.123535273841528
RG-50.471.0009_trs_en.txt,Male,Sandra Bradley,3.59098352449287e-05,0.701061264630937,0.00539969293844378,0.0908439521001062,0.0111098141201182,0.137302275067398,0.00923985249432432,0.0166609302197507,0.0177013218908906,0.00397859597523082,0.0066663907275555
RG-50.471.0016_trs_en.txt,Female,Sandra Bradley,0.000265868788377622,0.586314857949776,0.0731954656465477,0.0660474445881999,0.182763340282432,0.0531762544885223,0.0143076363353479,0.0118088641841612,0.00609331231955463,0.00429870628979894,0.00172824912728111
RG-50.549.01.0005_trs_en.txt,Male,Katie Davis,1.18455131523503e-05,0.0806336260331591,0.380374265523811,0.065909594064948,0.0435773045446957,0.0721186895708645,0.1479968370137,0.0156019277046242,0.042728228046487,0.058005258142426,0.0930424238421321
RG-50.549.01.0021_trs_en.txt,Female,Regine Beyer,0.0018529248291707,0.0291873595199479,0.0846381740233202,0.237272139853387,0.0663107136960923,0.196206622589631,0.182079178707628,0.0126920891818772,0.0278127589056614,0.160600874841815,0.00134716385146987
RG-50.549.01.0025_trs_en.txt,Male,Dan Collison,6.27795497877927e-06,0.00511364507744357,0.100784570095594,0.00912663996390835,0.090935339855013,0.141496920577301,0.0181708397882515,0.0294963797470466,0.0137314398570904,0.0247988316611265,0.566339115422246
RG-50.549.02.0007_trs_en.txt,Male,Dan Gedimen; Dan Gedimen,0.00143028024118628,0.0920403238517564,0.0739413858499892,0.115212630997148,0.224750149429595,0.026521461632699,0.0774133041095256,0.159600181023849,0.0136809122561427,0.120167217138273,0.0952421534698353
RG-50.549.02.0032_trs_en.txt,Male,Melissa Block; Melissa Block,0.000172717385966798,0.130016110721466,0.173204914494907,0.048424698520491,0.11296688587293,0.0544272270640197,0.0936426547427871,0.0542384976519031,0.069290755416503,0.195397045403458,0.068218492725569
RG-50.549.02.0049_trs_en.txt,Female,Arwin Donohue; Arwin Donohue,0.000216324920766078,0.00655052197701277,0.0695988266710395,0.0407294658202506,0.0802735976613329,0.0370587330602734,0.304933710818321,0.03075386140602,0.130626640641233,0.289455136231767,0.0098031807919832
RG-50.549.02.0053_trs_en.txt,Female,Regine Beyer,0.00499729422837428,0.0175528699404863,0.102402826374343,0.174021582924601,0.0993617202603625,0.136671824992014,0.11010614957496,0.0706986788828485,0.0221966369738995,0.258384837641817,0.00360557820629462
RG-50.549.03.0003_trs_en.txt,Female,Regine Beyer,0.00420371340398235,0.0293038057298626,0.147855960779892,0.0809586909357294,0.148925028155133,0.118310031641081,0.170768910939104,0.0197142193126105,0.0555925716964335,0.217334789434201,0.00703227797197008
RG-50.562.0001_trs_en.txt,Male,Dr. Joan Ringelheim; Dr. Joan Ringelheim,0.00041469552977787,0.0954896576766405,0.0472877132803929,0.326673359106217,0.0451918889080549,0.0317696583024698,0.279794465671859,0.0135384062950748,0.0628734757851222,0.0406981388071462,0.0562685406372459
RG-50.999.0457_trs_en.txt,Female,NULL,0.30167375176333,0.0144578670147564,0.0696721855802706,0.164737544648928,0.100875193981339,0.161117303250612,0.0891696131666111,0.0301811786828746,0.0486573181690942,0.0163763506120902,0.00308169313009333
RG-50.999.0460_trs_en.txt,Female,NULL,0.211314914440609,0.0196448912506401,0.0361105036625624,0.087064493293666,0.104733082097242,0.155162711813791,0.114205558891269,0.0111190270352663,0.187308869726104,0.0339808665203171,0.0393550812685332
RG-50.999.0469_trs_en.txt,Female,NULL,0.474291269453939,0.00390703615867329,0.0442484887514176,0.0255243709710712,0.0929105030567779,0.0327700993513307,0.157124964057251,0.0419426581320138,0.0676409796867395,0.0332758462238303,0.0263637841569561
RG-50.999.0473_trs_en.txt,Male,NULL,0.206176621144144,0.0509203816786868,0.0345883523205217,0.039675949229349,0.0875323145654731,0.209579949510596,0.119353275421089,0.0249010708972661,0.117861250892248,0.0246587238246758,0.0847521105159507
RG-50.999.0483_trs_en.txt,Male,NULL,0.248854621482324,0.0599770899989412,0.0231823638933555,0.0244682863144385,0.0993906821761987,0.0315255246636271,0.0963028249712182,0.0751650715105934,0.241362592229825,0.0225512501591226,0.077219692600356
RG-50.999.0485_trs_en.txt,Male,NULL,0.365327225680319,0.0601947631287058,0.0486143779788042,0.0471455792373317,0.0633073329780554,0.0123837955278008,0.10472197518779,0.0181682398981475,0.143481703334944,0.0348168813024792,0.101838125745622
RG-50.999.0494_trs_en.txt,Male,NULL,0.308882270040459,0.0536894210487839,0.031418143891582,0.074606093250085,0.0926857054994032,0.0148568193797414,0.108461972722907,0.0442817129239741,0.167661521177768,0.049378860388315,0.0540774796769819
RG-50.999.0523_trs_en.txt,Male,NULL,0.151935925712718,0.131741037010229,0.0627104019060184,0.267815132341666,0.0892186247072823,0.0846125056954683,0.0859940748197071,0.0241512558287767,0.0457553725361645,0.00956747002748422,0.0464981994144854
RG-50.999.0524_trs_en.txt,Male,NULL,0.23488578805532,0.0359022021572906,0.0180612192772171,0.039933349017159,0.0776727441026263,0.0153148268829042,0.0858529037683199,0.0503301373706518,0.132701932240851,0.255476203818427,0.0538686933092335
RG-50.999.0528_trs_en.txt,Male,NULL,0.278825938820172,0.0383930502547824,0.0173830565343528,0.0733978662894213,0.091669251448043,0.0281328643909641,0.110103453349103,0.0301417221374346,0.277108997298491,0.01672708732515,0.0381167121520848
RG-50.999.0529_trs_en.txt,Male,NULL,0.276694557798147,0.0687487417202177,0.0319022331487764,0.0494375149304307,0.0953740270470059,0.0157818320574215,0.106901364300318,0.0383544919488797,0.194569063420459,0.0275850907828235,0.0946510828455203
RG-50.999.0542_trs_en.txt,Female,NULL,0.229390813374898,0.106747052954015,0.0121484984062419,0.21370522270026,0.0505151644433968,0.0949639327162162,0.0527007725169562,0.0203118184286456,0.18039601804936,0.0343886746048809,0.00473203180513009
RG-50.999.0546_trs_en.txt,Male,NULL,0.329777500318386,0.16779714624967,0.0383533849780902,0.019025938281106,0.0854218983676555,0.0322251863772225,0.101358218709925,0.0480947132133005,0.0565420914555018,0.0418951398673547,0.079508782181788
RG-50.999.0550_trs_en.txt,Male,NULL,0.246483572299352,0.00712409981016338,0.0127932376276939,0.0114847546736199,0.126120192015672,0.00968885504519769,0.0448632683440559,0.26675630845184,0.0872456686712667,0.148085055786691,0.0393549872744466
RG-50.999.0566_trs_en.txt,Male,NULL,0.341819785659468,0.0544367630280256,0.0301792209530665,0.0813096846588367,0.0790735722996349,0.0108060493955748,0.170965791207905,0.022654054887456,0.111331547099702,0.0459221766077891,0.0515013542025413
RG-50.999.0573_trs_en.txt,Female,NULL,0.321210212151032,0.0580769080317636,0.0441192085951147,0.0394672507967311,0.0577999231000564,0.103371234147014,0.16251723125856,0.0298535752677142,0.101375178062056,0.0148331639600455,0.0673761146299126
RG-50.999.0579_trs_en.txt,Male,NULL,0.211347447584109,0.00396315178905953,0.0154781077724787,0.00890024077981838,0.11668699140253,0.0169854726342785,0.0600789072109217,0.251644714206754,0.122418940466617,0.161353017852124,0.0311430083013088
RG-50.999.0597_trs_en.txt,Female,NULL,0.0660311742427288,0.0184183225822578,0.0245663292907729,0.147003165726146,0.117590396599683,0.100640651022083,0.0370231887781131,0.0207034313834285,0.0385180894035968,0.422403972917201,0.0071012780539904
RG-50.999.0612_trs_en.txt,Female,NULL,0.276222434053483,0.075018023676249,0.0400109377025572,0.146083972978102,0.0636992914905621,0.114168473728902,0.119145155705084,0.0370737878859869,0.0829397508998573,0.0346319382955563,0.0110062335836609
