doc_id,gender,interviewer,topic_1,topic_10,topic_11,topic_12,topic_2,topic_3,topic_4,topic_5,topic_6,topic_7,topic_8,topic_9
RG-50.030.0006_trs_en.txt,Male,Linda G. Kuzmack; Linda G. Kuzmack,0.06797988546025,0.0112478217907616,0.110593773129897,0.0533270178928096,0.0308566815802899,0.121715395657256,0.0541886446578846,0.230533001468971,0.129279042564726,0.0869709643285301,0.0811298296615421,0.0221779418070822
RG-50.030.0014_trs_en.txt,Female,Linda G. Kuzmack; Linda G. Kuzmack,0.0574186109022501,0.00631891809488285,0.0433526362142449,0.0503534769601989,0.00424014643304789,0.0223390475876881,0.318124513438337,0.00858059327001249,0.0904652730762148,0.110125534312033,0.122384821272799,0.166296428438291
RG-50.030.0016_trs_en.txt,Male,Randy M. Goldman; Randy M. Goldman,0.016798637550235,0.00454636643083503,0.0982406123988706,0.0349916862425407,0.0617271397147171,0.314919564146289,0.11680297669276,0.110510748635917,0.0794297700008283,0.0317563273916699,0.0139650752419688,0.116311095553368
RG-50.030.0038_trs_en.txt,Male,Linda G. Kuzmack; Linda G. Kuzmack,0.0274944581035739,0.00811301883037591,0.100227601058951,0.0330641661305777,0.057823680764869,0.0839565303517555,0.0421381308411078,0.177449310482125,0.0894108403118025,0.280631053790454,0.0406992757385789,0.0589919335958294
RG-50.030.0054_trs_en.txt,Female,Adina Conn; Adina Conn,0.0250621044462285,0.00516770888407472,0.039383093509789,0.0212973314749815,0.00568108222112744,0.0881045723131635,0.0985099756874574,0.00941635503674731,0.110573855698553,0.239959534773494,0.0189572126336212,0.337887173320762
RG-50.030.0063_trs_en.txt,Male,Dr. Joan Ringelheim; Dr. Joan Ringelheim,0.0194415745120802,0.0127219894797079,0.0633207420953219,0.0457235193989994,0.578687941119747,0.0131208309502697,0.00986501411594234,0.0253891487622559,0.129316445274517,0.0333287715527626,0.0469213114094917,0.0221627113289045
RG-50.030.0069_trs_en.txt,Female,Linda G. Kuzmack; Linda G. Kuzmack,0.086056084056921,0.0251255626640074,0.0129145792644864,0.0569295576810062,0.0123868272841473,0.19330266603704,0.293425924180934,0.00719464419088306,0.0591606799525011,0.0516860880407134,0.00567783579123986,0.19613955085612
RG-50.030.0074_trs_en.txt,Male,Michael Berenbaum; Dr. Joan Ringelheim,0.015777109707133,0.0160133537391496,0.118089307024384,0.0773095160531743,0.435158122569,0.0314887714362395,0.0201021601540884,0.0611574389058721,0.085123284344194,0.0407336657121736,0.0614037721151039,0.0376434982394881
RG-50.030.0092_trs_en.txt,Male,Linda G. Kuzmack; Linda G. Kuzmack,0.0305024400286189,0.00205154565909297,0.065353645640958,0.0231807662234241,0.00975053121046044,0.334844514023607,0.104394140169579,0.278512966388724,0.053811199389792,0.0333632860530112,0.00533421391590183,0.058900751296831
RG-50.030.0095_trs_en.txt,Male,Linda G. Kuzmack; Linda G. Kuzmack,0.0249867294065397,0.0123762785212962,0.0927509070884514,0.0630643121712631,0.194749810164643,0.0745428113123944,0.110428006943314,0.0565101336118408,0.122402590293836,0.13425101855537,0.0485025667825302,0.0654348351485206
RG-50.030.0103_trs_en.txt,Male,Holly Snyder; Holly Snyder,0.0803522385470723,0.0405500800934374,0.0260026735784461,0.158211004926995,0.407788783066479,0.000590204957464929,0.0184927751708793,0.0332365728685282,0.0852496303952726,0.024493794980678,0.12264239917604,0.00238984223870715
RG-50.030.0104_trs_en.txt,Male,Linda G. Kuzmack; Linda G. Kuzmack,0.0280593488480866,0.00601099138586521,0.0990598632167496,0.116363222982171,0.0466979748228399,0.185622946596976,0.0286386153865442,0.103859195369183,0.0586271139012897,0.27149746258482,0.0123588413884123,0.0432044235170621
RG-50.030.0122_trs_en.txt,Female,Linda G. Kuzmack; Linda G. Kuzmack,0.0356153862693046,0.00896703229201438,0.0368891714447579,0.0220171428112062,0.0051150484690847,0.127506158277542,0.144756257707572,0.0593674589256243,0.269231766817627,0.149847348303869,0.0220594019128528,0.118627826768545
RG-50.030.0123_trs_en.txt,Female,Linda G. Kuzmack; Linda G. Kuzmack,0.0442157339846096,0.00230895922947728,0.109797195796177,0.0133396653470847,0.0181337816799326,0.305935677547398,0.104327331725435,0.0497959484849922,0.0976131585938281,0.0880004621451461,0.0030922271303972,0.163439858335523
RG-50.030.0135_trs_en.txt,Male,Linda G. Kuzmack; Linda G. Kuzmack,0.0246247079026204,0.0120277144752382,0.128627874821699,0.0950111686598093,0.351550681242066,0.0243936472038109,0.0281419327444839,0.050115120628341,0.0728523132913025,0.113832894863233,0.020824077171118,0.0779978669962781
RG-50.030.0186_trs_en.txt,Female,Linda G. Kuzmack; Linda G. Kuzmack,0.0348506365096471,0.0118739666964637,0.0712744880423728,0.0537892018890614,0.0123324896695975,0.0660189517880423,0.129432827739903,0.0162959127524596,0.325272826962388,0.044115398584654,0.0199271636934693,0.214816135671942
RG-50.030.0200_trs_en.txt,Male,Linda G. Kuzmack; Linda G. Kuzmack,0.0353284192549153,0.0149756866892464,0.125397543197153,0.046924558260533,0.0396174857938604,0.19338643577708,0.0488962641773813,0.162570339530391,0.170810774077281,0.113721700149904,0.0209223642957005,0.0274484287965543
RG-50.030.0211_trs_en.txt,Male,Linda G. Kuzmack; Linda G. Kuzmack,0.0230607778575999,0.00295941979164014,0.0746155780003118,0.0431868979908052,0.0225603196588215,0.401937952224235,0.054580814869316,0.0574782279588836,0.0237239256151518,0.221753732238913,0.0449503654542632,0.0291919883400589
RG-50.030.0215_trs_en.txt,Male,Linda G. Kuzmack; Linda G. Kuzmack,0.0295387425378632,0.00223255379758122,0.075003272367608,0.0883589351707429,0.0260942105331966,0.253519477201621,0.0953999160726705,0.259808535640027,0.0331592755628747,0.0831883583963311,0.0259968056811762,0.0276999170383074
RG-50.030.0217_trs_en.txt,Male,Linda G. Kuzmack; Linda G. Kuzmack,0.049163921140193,0.00283458286951333,0.0853301843503133,0.012578871271456,0.032656298823302,0.251392240345613,0.0541410574259748,0.151965556127796,0.11893186647919,0.184551510311321,0.0388106041442862,0.0176433067110401
RG-50.030.0264_trs_en.txt,Female,Linda G. Kuzmack; Linda G. Kuzmack,0.0719601020596219,0.0122046046126611,0.0450394447233665,0.0673195554727254,0.0331875724736979,0.0315176116878995,0.136669744947239,0.0604238417799547,0.0754372267079618,0.156300453034987,0.0674575172129492,0.242482325286936
RG-50.030.0276_trs_en.txt,Male,Dr. Radu Ioanid; Dr. Radu Ioanid,0.0587186297770211,0.00201700969619706,0.0871223062977969,0.0170623854832098,0.0292968916370101,0.24234950968845,0.0735888848569146,0.187402778896098,0.142884907765602,0.0955353674055261,0.0191392422090376,0.044882086287136
RG-50.030.0284_trs_en.txt,Male,Dr. Joan Ringelheim; Dr. Joan Ringelheim,0.0158919250644142,0.0104774357237478,0.0540062516090553,0.0511748129548714,0.441958883623519,0.0486305576269093,0.0243872160786444,0.0393245494371412,0.132244485622711,0.0664258005076626,0.0873369514839422,0.0281411302673817
RG-50.030.0293_trs_en.txt,Female,Sandra Bradley; Sandra Bradley,0.0224072274313874,0.0109019121308858,0.0423635789416517,0.0428346771033749,0.00185364797335217,0.245483026875075,0.0765042178758779,0.0729178131633951,0.109748676405201,0.209506657407935,0.0173521092345358,0.148126455457328
RG-50.030.0301_trs_en.txt,Male,Dr. Joan Ringelheim; Dr. Joan Ringelheim,0.0206178561018125,0.0087102767984563,0.0367796459860122,0.0283026705207518,0.0265990781114208,0.0291834496691095,0.00878558108583081,0.0559987882649042,0.0867911958917656,0.0719521123647832,0.613609739093322,0.0126696061118311
RG-50.030.0314_trs_en.txt,Male,Randy M. Goldman; Randy M. Goldman,0.0457597549783474,0.0257775123655535,0.023338434534493,0.115228781465533,0.503444940402426,0.0309716690486748,0.0267245374405114,0.0101256722947194,0.0591080040488428,0.0217083056856903,0.114155180190598,0.0236572075446094
RG-50.030.0330_trs_en.txt,Male,Judith Goldstein; Judith Goldstein,0.0351821911710285,0.00172794682414528,0.0216692799954724,0.106257327781877,0.00949717649893568,0.00540854995626015,0.0891415374658658,0.0173237830046375,0.0345840658045552,0.0782988293664278,0.592828691771014,0.00808062035978115
RG-50.030.0335_trs_en.txt,Male,Randy M. Goldman; Randy M. Goldman,0.0203464883270147,0.0116105215703653,0.0707764329282738,0.0441788652558984,0.515984475006821,0.0576589614008676,0.0140846863324066,0.0247055802808108,0.0685707584262777,0.0464970550078361,0.0624687546976212,0.0631174207658067
RG-50.030.0358_trs_en.txt,Female,Randy M. Goldman; Randy M. Goldman,0.0257282815679934,0.00329306480956854,0.023720683402169,0.0296506768206284,0.0141079927899312,0.509609352086049,0.0464636758159758,0.0095987237085089,0.0606929643625844,0.0244851215936128,0.0244861801021991,0.22816328294078
RG-50.030.0400_trs_en.txt,Female,Katie Davis; Katie Davis,0.0135042545308376,0.000797556168294456,0.0122065134787195,0.0738513344699511,0.00237371950654821,0.541157620685644,0.165329226357287,0.0165434075855804,0.0308012359295661,0.0329366312131551,0.0326321823436876,0.0778663177307288
RG-50.030.0406_trs_en.txt,Male,Dr. Joan Ringelheim; Dr. Joan Ringelheim,0.0146502886414513,0.00505700281444095,0.143205922782886,0.0521964011940671,0.0188884258610457,0.0435696546712961,0.0163760679960927,0.0330540581992645,0.0733653089058471,0.16088502048854,0.416507628684218,0.0222442197608508
RG-50.030.0412_trs_en.txt,Female,Dr. Joan Ringelheim; Dr. Joan Ringelheim,0.0262063343603605,0.00664711753375061,0.0352380760018444,0.14319207843196,0.00912241541823396,0.198999637590376,0.0901971226860904,0.0509916891257479,0.163366537592558,0.113403951384818,0.0401645049258259,0.122470534948434
RG-50.030.0416_trs_en.txt,Male,Ina Navazelskis; Ina Navazelskis,0.0386420223677877,0.00580906021692711,0.0422050476583287,0.0796926042635187,0.00832671069850836,0.310030075273832,0.145153192435711,0.101495914580011,0.093761656753836,0.0216385095893624,0.0236219896381278,0.12962321652405
RG-50.030.0423_trs_en.txt,Male,Chris Johnson; Chris Johnson,0.0461435632637952,0.0186777732354632,0.152048571639962,0.09205543366151,0.0685277061483989,0.00570513651121763,0.123655814830033,0.0508672150932797,0.16377489228364,0.11755557503241,0.0578287655529718,0.103159552747319
RG-50.030.0424_trs_en.txt,Male,Randy M. Goldman; Randy M. Goldman,0.0294642358376965,0.00742049091163274,0.040135457440918,0.0457045822263422,0.0420005538619085,0.428029956497047,0.146175532713801,0.0862376198635156,0.0550770270750563,0.0419502233008703,0.0132368751506369,0.0645674451205743
RG-50.030.0443_trs_en.txt,Male,Mr. Scott Miller; Mr. Scott Miller,0.019152229522284,0.0474705258770494,0.10396374332356,0.0575166908950042,0.285809016569487,0.0104633576056591,0.0245035695665551,0.0921407838798105,0.0461053851358689,0.142990890503863,0.127720726446915,0.042163080673944
RG-50.030.0482_trs_en.txt,Female,Vera Frankl; Vera Frankl,0.0285534940636052,0.0282168913023798,0.0318833236912539,0.0494347866327666,0.115216979235702,0.0249896188216305,0.019022165488554,0.0515990340537709,0.391363967372911,0.034474401450546,0.17074999525307,0.0544953426338102
RG-50.030.0518_trs_en.txt,Female,Sidney M. Bolkosky; Sidney M. Bolkosky,0.0488674407476908,0.0197505891426953,0.0145908268043773,0.0328799190482175,0.00921829271516441,0.243517650343122,0.253664632999173,0.0364150313904982,0.0813783889655936,0.0151679102642197,0.00190652776489222,0.242642789814356
RG-50.030.0534_trs_en.txt,Female,Peggy Frankston; Peggy Frankston,0.126096165475499,0.00286491103947676,0.0197782041493766,0.0415765535444166,0.00223415428608267,0.0204567698469073,0.174317594114259,0.00328796040509245,0.203221332390275,0.0136331045013833,0.0138084738537022,0.378724776393529
RG-50.030.0547_trs_en.txt,Female,Ina Navazelskis; Ina Navazelskis,0.0845172899867228,0.00485882741985839,0.0208051406936881,0.0561908393265964,0.00365960833886658,0.0440272401269875,0.166235115390922,0.0209033467494097,0.148748367829489,0.0188797323713192,0.01354465843369,0.417629833332451
RG-50.030.0590_trs_en.txt,Female,Ina Navazelskis; Ina Navazelskis,0.0342016435475,0.00266344378716197,0.0114860643726622,0.291864151085546,0.0042884622346864,0.122512034814265,0.181474110757682,0.0346539565086008,0.101455757962058,0.0276386378845957,0.0219055543478954,0.165856182697347
RG-50.030.0591_trs_en.txt,Female,Ina Navazelskis; Ina Navazelskis,0.056623659670304,0.00269163421261266,0.0291806285755279,0.108361736848982,0.011236585819518,0.041453514609156,0.211643779900466,0.00774544103398753,0.0685067683578639,0.0358940167508484,0.00634015589728803,0.420322078323445
RG-50.030.0592_trs_en.txt,Male,Ann E. Erling Gofus; Ann E. Erling Gofus,0.065519767049523,0.0197725516614916,0.0887933058427425,0.290417678047639,0.217455272159663,0.0252099391337301,0.114391658584439,0.060499132166238,0.0420423394270102,0.0131058304471696,0.0297623964662032,0.0330301290141509
RG-50.030.0605_trs_en.txt,Female,Agnieszka McClure; Agnieszka McClure,0.0574713580038583,0.00169127331707135,0.102340959753778,0.205314451250811,0.0507278503368574,0.0102573080466956,0.116217059023991,0.016649523211965,0.12309427568626,0.0441745007810457,0.00354510615267928,0.268516334434987
RG-50.030.0616_trs_en.txt,Female,Ina Navazelskis; Ina Navazelskis,0.0934255879295692,0.00302383071512733,0.00831963218080622,0.149978327252564,0.0361199136247753,0.0100892330110539,0.271009450050086,0.0043445173848775,0.0431501548024947,0.0158489918183859,0.00833877242899394,0.356351588801266
RG-50.030.0695_trs_en.txt,Male,Ina Navazelskis; Ina Navazelskis,0.0332971464595273,0.00913721744693072,0.0297451327372142,0.121987133809205,0.0194158487272018,0.212762071300279,0.15733863130981,0.0888941857808265,0.126032043802068,0.0251747953692106,0.0303144520183382,0.14590134123939
RG-50.030.0698_trs_en.txt,Female,Ina Navazelskis; Ina Navazelskis,0.0761677443240493,0.00564948897630497,0.019066788059989,0.0340446810324076,0.000756896477909546,0.365018877830597,0.182199272190378,0.0501025624407704,0.0819034506358977,0.0156810194392461,0.057575262222977,0.111833956369474
RG-50.030.0710_trs_en.txt,Male,Duncan Little; Duncan Little,0.0712514390904854,0.00133926505271315,0.138033646163405,0.0113877535510141,0.0326214904725719,0.103076352116427,0.00463166395990864,0.351582158465664,0.159503261232261,0.0506115589863359,0.031748377078142,0.0442130338310718
RG-50.030.0721_trs_en.txt,Female,Ina Navazelskis; Ina Navazelskis,0.0804503387440374,0.00426503164858233,0.011228077277855,0.0906240005321342,0.00679114188024605,0.0280171070325207,0.371772551469138,0.0071338409480407,0.0934513140238442,0.0208992042515832,0.0109384182630922,0.274428973928927
RG-50.030.0769_trs_en.txt,Male,Ina Navazelskis; Ina Navazelskis,0.0194486837969245,0.0179519206408539,0.0606221042668195,0.100153743510109,0.0300262615178081,0.0772842443081616,0.166763782059765,0.2336967048551,0.074284713146945,0.0763500025688566,0.0846958916663908,0.0587219476622661
RG-50.030.0788_trs_en.txt,Male,Ina Navazelskis; Ina Navazelskis,0.0212395295604005,0.0115038532293227,0.0421061939252092,0.138268895193856,0.0471862930765554,0.0574070683616081,0.148000281986858,0.227404854632839,0.161830255866428,0.0170288242223344,0.04268233485468,0.0853416150899082
RG-50.030.0790_trs_en.txt,Female,Ina Navazelskis; Ina Navazelskis,0.0371296431352437,0.000593272228649903,0.0781607682992689,0.031753189858858,0.00158490352232744,0.26128394903471,0.2967645251257,0.0530843144405199,0.0571824171192166,0.0168845233474497,0.0030242246563136,0.162554269231742
RG-50.030.0814_trs_en.txt,Female,Ina Navazelskis; Ina Navazelskis,0.0353278457824069,0.00321587100906229,0.0191179754058714,0.026691966336469,0.00519127222757886,0.0589680298130024,0.377424288702859,0.0531879977306467,0.0472920148665791,0.0463708561295513,0.00440021154410652,0.322811670451866
RG-50.030.0841_trs_en.txt,Male,Ina Navazelskis; Ina Navazelskis,0.0956937594323467,0.0148977491576685,0.0695279651767488,0.0553544806585903,0.00662279159276049,0.150081050023349,0.168003407940903,0.0705248495991016,0.132712866800079,0.0556680940689192,0.0193791997190766,0.161533785830457
RG-50.042.0007_trs_en.txt,Male,Sandra Bradley; Sandra Bradley,0.0290490797527119,0.00689181720706537,0.252603020314993,0.0379515793473655,0.00534578262015827,0.0902278718941152,0.0426248901231086,0.0956641223785414,0.240707746443655,0.0810420739645546,0.0353661421534987,0.0825258738002327
RG-50.042.0016_trs_en.txt,Male,Sandra Bradley; Sandra Bradley,0.0322088783661973,0.012103481399285,0.0981803773829438,0.0415930616052808,0.0197372579770685,0.0984530955244876,0.0161252067209039,0.302091204614232,0.12394989729172,0.16465995232877,0.07472777522785,0.0161698115612612
RG-50.106.0007_trs_en.txt,Male,Gail Schwartz; Gail Schwartz,0.0477122406033045,0.0103398513895996,0.103849077241941,0.087944377672276,0.0167317091628294,0.201799936924825,0.207004606023197,0.132433890033817,0.0785051861071554,0.0232279586434846,0.00876401907547827,0.0816871471220925
RG-50.106.0122_trs_en.txt,Male,Mira Hodos; Mira Hodos,0.0201599033170647,0.00772145607922245,0.277664839591468,0.0118644084925905,0.0100365281478678,0.256557123021375,0.0769062932318985,0.136128879934122,0.0837425191397542,0.0314542189953301,0.00883337018921856,0.0789304598600878
RG-50.106.0131_trs_en.txt,Male,Gail Schwartz; Gail Schwartz,0.0295750450085179,0.00944126037808137,0.0568655887100709,0.130536805368207,0.0151184563153633,0.122959566229538,0.274673872050325,0.0682468571479074,0.165367907732094,0.0184998231051838,0.04640855152322,0.0623062664314916
RG-50.106.0147_trs_en.txt,Female,Gail Schwartz; Gail Schwartz,0.0265418345511539,0.0076911262890786,0.0430688840271513,0.0598637353792215,0.0209358347595054,0.0363989416766047,0.171715606622397,0.0206177798384226,0.327279657683412,0.0220281197074327,0.0330228466398249,0.230835632825795
RG-50.106.0192_trs_en.txt,Male,Gail Schwartz; Gail Schwartz,0.0396910356625088,0.0113821790721978,0.0944143236933785,0.234048896548063,0.0625088385085088,0.0426148535079741,0.170241530433176,0.0402623605472625,0.145104502621701,0.0317530273877199,0.0913129388308356,0.0366655131866732
RG-50.106.0202_trs_en.txt,Male,Gail Schwartz; Gail Schwartz,0.0927569432104536,0.00984853485401099,0.0113156576882485,0.17397896820279,0.0142104429711872,0.0462556946536879,0.374622013997388,0.0908752675687657,0.116177155691031,0.0081761480254856,0.0278016929263522,0.0339814802105996
RG-50.106.0215_trs_en.txt,Male,Gail Schwartz; Gail Schwartz,0.0592703946130067,0.017484352983821,0.0703829514682632,0.241357313400617,0.136678667942874,0.00789814349245496,0.172110177904299,0.117100483265033,0.0769154835815358,0.0197489474965295,0.031331954376156,0.0497211294754104
RG-50.106.0226_trs_en.txt,Male,Gail Schwartz; Gail Schwartz,0.0667056374250571,0.0207203245074489,0.039026515477028,0.308648617827277,0.0239958089015553,0.097641530710306,0.195309330032298,0.0623175466967189,0.0723021528331283,0.0315838232348783,0.0149592490048822,0.0667894633494216
RG-50.233.0060_trs_en.txt,Male,Anthony Young; Anthony Young,0.0199134606007539,0.00183519206916555,0.026363590861459,0.0495100364628864,0.00577787677197142,0.0956224838217353,0.14895533199367,0.563349333644057,0.0438606547675442,0.00483352562108169,0.00178610470609784,0.038192408679577
RG-50.233.0119_01_trs_en.txt,Male,NULL,0.0140335319707012,0.0139012322854373,0.0479320197000664,0.138227058113353,0.0266949454169137,0.136069101447958,0.206359822363703,0.109590195996665,0.0466805266812757,0.135467659844906,0.0221260667092154,0.102917839469806
RG-50.233.0129_trs_en.txt,Male,Jennifer Clayman,0.00888916136002484,0.00304310441084837,0.313199581904219,0.106634302457331,0.0285934728162736,0.209265255007042,0.0880412747977317,0.061550323309745,0.0539538238000212,0.0695407289674042,0.0073317557967958,0.049957215372563
RG-50.234.0022_trs_en.txt,Male,NULL,0.00756858233166469,0.0449343830365045,0.0185083168557784,0.0347911442114726,0.31557691747649,0.00368418910817954,0.0312104254458417,0.0921436911725766,0.0501461147722946,0.0449049106220143,0.350909627098003,0.00562169786917972
RG-50.470.0006_trs_en.txt,Female,Sandra Bradley,0.0784088934353087,0.00209588320763776,0.0313017120388743,0.0100807034273447,0.0389405750214539,0.191908186789988,0.022712486155305,0.0683379383411663,0.191697338092718,0.194938076823129,0.0744836305367722,0.0950945761303022
RG-50.470.0015_trs_en.txt,Male,Sandra Bradley,0.00425551795921707,0.00207946906267375,0.0819395738169741,0.00353232534255892,0.0522071008608417,0.124769516112272,0.00641391634752839,0.316090114140081,0.272434944905871,0.0805404236227482,0.0410572070594321,0.0146798907698014
RG-50.471.0009_trs_en.txt,Male,Sandra Bradley,0.00817839992635429,0.00164240646604044,0.0330823072549548,0.012787694074998,0.00263030473017892,0.295823463198,0.0339877822497306,0.0710171431945632,0.0156500286444732,0.0571854747083861,0.441844711160898,0.0261702843914225
RG-50.471.0016_trs_en.txt,Female,Sandra Bradley,0.00805399644028014,0.0019408095290204,0.0126095184056497,0.00474428485189144,0.000695205864368343,0.25703586796276,0.0528965278877186,0.0145214582268709,0.0388599498872976,0.0378379883010938,0.537595547047548,0.0332088455955008
RG-50.549.01.0005_trs_en.txt,Male,Katie Davis,0.00279070735612399,0.0209383834602622,0.0383786928093876,0.0892300954072278,0.0480912210562352,0.0530589017993819,0.0994725679301943,0.0751976528335281,0.287164640902396,0.00870036834307191,0.233425057577374,0.0435517105248168
RG-50.549.01.0021_trs_en.txt,Female,Regine Beyer,0.00666264768877918,0.0153348071569043,0.0460915772861783,0.216229365497642,0.0165408891775528,0.227718339924421,0.0981433082894373,0.0227037113760179,0.0649951671365331,0.0285374562968689,0.0262692898452433,0.230773440324422
RG-50.549.01.0025_trs_en.txt,Male,Dan Collison,0.000729735926858698,0.0948511867090162,0.0233827149219102,0.0657145717480597,0.0663384705591798,0.0162953251977541,0.0310245763610429,0.0659056692533486,0.110644807118278,0.0311404295984909,0.467129481542351,0.0268430310637096
RG-50.549.02.0007_trs_en.txt,Male,Dan Gedimen; Dan Gedimen,0.0214870366561691,0.233031531037077,0.0497564223237094,0.102260847531524,0.0631306189769777,0.0705434229410815,0.0409274646661378,0.0611386968587239,0.146067654784753,0.0145647427087676,0.0517620617312963,0.145329499783782
RG-50.549.02.0032_trs_en.txt,Male,Melissa Block; Melissa Block,0.0343203970242354,0.0605602670070343,0.0633383085076615,0.114499680737974,0.10334203694988,0.0451428801134372,0.0406439664223123,0.0886013563688957,0.177829407638484,0.0564059705048545,0.0676684654101853,0.147647263315046
RG-50.549.02.0049_trs_en.txt,Female,Arwin Donohue; Arwin Donohue,0.035201642056328,0.0131950892668199,0.0442695336479188,0.236707805876058,0.0409866787435204,0.00980316262177065,0.127225599165,0.0139317590774843,0.130454636323278,0.0275051476439535,0.00627015017384257,0.314448795404026
RG-50.549.02.0053_trs_en.txt,Female,Regine Beyer,0.0310359129941513,0.0561275772658427,0.0600734920160855,0.17813563989518,0.0195727067740182,0.11224927998702,0.073870396216092,0.0309274483089672,0.0621987496138521,0.0196644506802294,0.0275455272258279,0.328598819022733
RG-50.549.03.0003_trs_en.txt,Female,Regine Beyer,0.00542625868759647,0.0574603109093068,0.0597165071505607,0.216341683913959,0.0331862668482989,0.0576627154298864,0.0639082425530013,0.044940145593156,0.1467536762627,0.0277393732312569,0.0711272161457764,0.215737603274501
RG-50.562.0001_trs_en.txt,Male,Dr. Joan Ringelheim; Dr. Joan Ringelheim,0.00940698146449742,0.00971890776155628,0.079868360709421,0.0986358955353019,0.023112503164987,0.200874789017226,0.145989374301468,0.0792583594723042,0.163148638718046,0.0553245409533385,0.0371630059117687,0.0974986429900847
RG-50.999.0457_trs_en.txt,Female,NULL,0.257941687684087,0.131316940782926,0.0399355174535136,0.00725668257867199,0.00140900784682201,0.111000088047324,0.0755256548603076,0.0348851938290663,0.13959563177657,0.0338798170563888,0.00246323957543777,0.164790538508885
RG-50.999.0460_trs_en.txt,Female,NULL,0.148481813362404,0.128826930203239,0.0383820669950277,0.043808534333762,0.0149694823723673,0.0885857740879524,0.122316421886202,0.0477538141328425,0.119986651345608,0.110195767189109,0.0228414966298638,0.113851247461622
RG-50.999.0469_trs_en.txt,Female,NULL,0.454253703868456,0.136204067831326,0.0122691339738174,0.0511939006339158,0.00737243564518518,0.016017611411385,0.0741841591209864,0.0157501561460685,0.0806077277711319,0.055771774297982,0.0302604303196641,0.0661148989800815
RG-50.999.0473_trs_en.txt,Male,NULL,0.0128374144828006,0.281840566292302,0.0188480529617557,0.0326295948229447,0.0160781158185061,0.063511469351197,0.17668727701223,0.129753469916856,0.145264603151858,0.0617096924471564,0.0385031174781062,0.0223366262642864
RG-50.999.0483_trs_en.txt,Male,NULL,0.273002175793973,0.173412397853353,0.0206572233779205,0.0303502024852486,0.023038820585463,0.0241760069649353,0.0871789713933292,0.0408344816904425,0.0911873448172756,0.1483682181255,0.0363128111815456,0.0514813457310138
RG-50.999.0485_trs_en.txt,Male,NULL,0.01419112662524,0.188436412574078,0.026871765625577,0.0331674008780896,0.0426199022436355,0.0284541769764799,0.0928094332214218,0.372492958318139,0.114101409599979,0.0324085303348618,0.030758812798688,0.0236880708038112
RG-50.999.0494_trs_en.txt,Male,NULL,0.29292343280603,0.144048567727092,0.0588089441844575,0.0625539125258628,0.0144789030710492,0.0538181263200979,0.0534607160914829,0.0527324006339395,0.0729488946302734,0.147842132271941,0.0200581601174073,0.0263258096203666
RG-50.999.0523_trs_en.txt,Male,NULL,0.0485094045888831,0.185738261021462,0.105357508393396,0.023847472319409,0.00953539992688648,0.18745784219289,0.0838392364701487,0.0834383694232075,0.167117950267478,0.0482718328686163,0.024656950513625,0.0322297720139974
RG-50.999.0524_trs_en.txt,Male,NULL,0.226249914133443,0.125368580860378,0.14538676894815,0.100555535083763,0.0316996357751105,0.0258574984787509,0.042527620712955,0.0399006696746045,0.0666822566525795,0.103727254074222,0.0229145276209694,0.0691297379850748
RG-50.999.0528_trs_en.txt,Male,NULL,0.10248458759466,0.272820193786558,0.0199712314344437,0.0302027277279658,0.0235344478185277,0.0662333156651408,0.147034187204465,0.0893091030191961,0.0840994356626514,0.0964838320998906,0.0299444795357982,0.0378824584507038
RG-50.999.0529_trs_en.txt,Male,NULL,0.0996290325386132,0.219248827640832,0.0405847093082186,0.0424573221340338,0.0395052143339032,0.0369045772213184,0.0999904393931586,0.192249859608436,0.0950273327630438,0.0564707431631566,0.0332427962603448,0.0446891456349405
RG-50.999.0542_trs_en.txt,Female,NULL,0.178706634559619,0.104543287444776,0.0464879437434402,0.0179426333324341,0.00276527425792552,0.284664054095382,0.0611715201890403,0.0628986833459989,0.0417994432310403,0.138083562348789,0.00779541674935512,0.0531415467021997
RG-50.999.0546_trs_en.txt,Male,NULL,0.198345231663706,0.233196580531864,0.0745245108282894,0.0715650712984973,0.0520653586402487,0.0282567353900766,0.0501446088601605,0.0968452691519979,0.109774887654658,0.0454195727696917,0.0182045117586618,0.0216576614521489
RG-50.999.0550_trs_en.txt,Male,NULL,0.414047922790041,0.153455019216643,0.0411983248413719,0.0295551098136738,0.0594480444904216,0.0141660837374709,0.0399926901757691,0.00921336022276564,0.0488396939039612,0.147313833963253,0.00948767088093495,0.0332822459636939
RG-50.999.0566_trs_en.txt,Male,NULL,0.23067556748428,0.0796180234568801,0.0525450033192463,0.0614576957354296,0.0184011576476229,0.060720499632965,0.0872346916454697,0.178685577658412,0.0658240507235502,0.123125461881467,0.0113957131188133,0.0303165576958639
RG-50.999.0573_trs_en.txt,Female,NULL,0.284855426594342,0.148430143336161,0.0153645311109824,0.0384605085727245,0.011116375822451,0.0617275177507761,0.0905372798980509,0.0453229339432372,0.122879982047558,0.0628619559718143,0.0379282313099297,0.0805151136419735
RG-50.999.0579_trs_en.txt,Male,NULL,0.336963414013232,0.155549310687286,0.0454137389859364,0.0638574618411611,0.0582044777532974,0.00889095141788695,0.0681705925636857,0.0117229677041963,0.0513726455724128,0.142699516487579,0.0119012439996574,0.0452536789736694
RG-50.999.0597_trs_en.txt,Female,NULL,0.0146933356796825,0.113408062373452,0.0150978620304897,0.0077805444381529,0.00291506812305832,0.125798741894267,0.068997617173909,0.0221355529917486,0.0690334886630651,0.458902481828554,0.00655765559907984,0.0946795892045409
RG-50.999.0612_trs_en.txt,Female,NULL,0.178436775023864,0.17525109691182,0.0440302310539273,0.0484368577497154,0.0074948521329943,0.126665433182404,0.0834648184758995,0.0557266307259585,0.0968553793577205,0.0677767299031435,0.00470180356182124,0.111159391920732
