doc_id,gender,interviewer,topic_1,topic_10,topic_11,topic_12,topic_2,topic_3,topic_4,topic_5,topic_6,topic_7,topic_8,topic_9
RG-50.030.0006_trs_en.txt,Male,Linda G. Kuzmack; Linda G. Kuzmack,0.0686404632256506,0.16913150277272,0.0544159280815688,0.027306271800921,0.207867174586132,0.0157887117193008,0.106851959211816,0.112909889721176,0.0715111844735945,0.0409820715099282,0.0806173248946605,0.0439775180025314
RG-50.030.0014_trs_en.txt,Female,Linda G. Kuzmack; Linda G. Kuzmack,0.207817223957562,0.0314612098072701,0.0509346933437861,0.0159965520483941,0.0122887295114773,0.000566937677488932,0.0227296308326174,0.00101045801399044,0.154324026868715,0.0671872164800338,0.218158442863156,0.217524878595508
RG-50.030.0016_trs_en.txt,Male,Randy M. Goldman; Randy M. Goldman,0.0792016879483722,0.0430890269706813,0.0167442761949653,0.134139525585153,0.282173739720669,0.0537367575827694,0.0459511571806341,0.114756153488053,0.00276915689151334,0.064757499171604,0.0960433559863502,0.0666376632792356
RG-50.030.0038_trs_en.txt,Male,Linda G. Kuzmack; Linda G. Kuzmack,0.259664463639103,0.23376547360932,0.0199623622523654,0.0216575314704358,0.185824835799257,0.0435590386976471,0.0577053439470807,0.0321771298448115,0.0364404227007352,0.0323913579351652,0.0340479138000793,0.0428041263040004
RG-50.030.0054_trs_en.txt,Female,Adina Conn; Adina Conn,0.577241090493559,0.00814176581087525,0.0183339407145706,0.0354216773341968,0.0396251304276347,0.0090235667084508,0.0206852551884593,0.0008038749356108,0.0119443618407429,0.0853286690223338,0.0864953109116193,0.106955356611947
RG-50.030.0063_trs_en.txt,Male,Dr. Joan Ringelheim; Dr. Joan Ringelheim,0.026114173174122,0.0823269888706857,0.0171580672463745,0.00397547388800281,0.029824034698142,0.691861455458228,0.0142030892618871,0.0152498432802349,0.0250604496909212,0.0582686057787126,0.0232326280485243,0.0127251906041649
RG-50.030.0069_trs_en.txt,Female,Linda G. Kuzmack; Linda G. Kuzmack,0.156880461677345,0.0403233071406381,0.0804423037461515,0.106015140157586,0.081137578675331,0.00275770380914425,0.0356887744740166,0.00147825564864895,0.00280788334166961,0.152352063327632,0.116972234984734,0.223144293017102
RG-50.030.0074_trs_en.txt,Male,Michael Berenbaum; Dr. Joan Ringelheim,0.0433956080675888,0.271772717717999,0.0134173590986898,0.00526541275791008,0.0867692645301652,0.338948769363904,0.080052648846378,0.010739165362915,0.00348276385551167,0.106886828993799,0.0121267201175057,0.0271427412876338
RG-50.030.0092_trs_en.txt,Male,Linda G. Kuzmack; Linda G. Kuzmack,0.0401100959857419,0.0319105453118118,0.0260106999609661,0.0905856050804321,0.412047134879039,0.00657101962599089,0.261644117211578,0.0125226936398942,0.00262934216873128,0.0340206022771158,0.0186568704445412,0.0632912734141574
RG-50.030.0095_trs_en.txt,Male,Linda G. Kuzmack; Linda G. Kuzmack,0.199428113120893,0.164850324370616,0.0233748336149894,0.0367536201735348,0.0812015900437303,0.156010285575265,0.0784674248038866,0.0131411734359397,0.018508659368261,0.0649998680456137,0.103449679067562,0.0598144283797085
RG-50.030.0103_trs_en.txt,Male,Holly Snyder; Holly Snyder,0.00252303918666031,0.0834359447981383,0.0801978772213339,0.00177557967141888,0.00871100167034193,0.586211192461833,0.0665576327236648,0.00629906071467314,0.050312347509522,0.0614972397587323,0.00909284318844467,0.0433862410952364
RG-50.030.0104_trs_en.txt,Male,Linda G. Kuzmack; Linda G. Kuzmack,0.0443561667945669,0.0502786542411843,0.0211362713434651,0.48630520794058,0.0770136503878281,0.0869096918646033,0.106073133042797,0.0374710398539802,0.00658004125191923,0.0331322506786491,0.00514229095199504,0.0456016016484316
RG-50.030.0122_trs_en.txt,Female,Linda G. Kuzmack; Linda G. Kuzmack,0.31347720073104,0.0189881268534394,0.0297163311452905,0.156326149968502,0.0691744103457787,0.00132015946917688,0.0175556973148807,0.0395867923325646,0.0617744998566074,0.0330689141182189,0.123816314902866,0.135195402961635
RG-50.030.0123_trs_en.txt,Female,Linda G. Kuzmack; Linda G. Kuzmack,0.235159529922976,0.0344269754148951,0.0375146330541609,0.101259020965113,0.298134339015332,0.00110216448764123,0.0419154624497579,0.00514731346313035,0.0038317693356132,0.0522531617711534,0.129326276654191,0.0599293534660362
RG-50.030.0135_trs_en.txt,Male,Linda G. Kuzmack; Linda G. Kuzmack,0.0753321068865004,0.478362716022613,0.0174685328179083,0.0191144255814615,0.0589359828928587,0.140508438059178,0.0385796377050203,0.0127273392083238,0.0100156407973908,0.0696266169138545,0.0300800064756238,0.049248556639267
RG-50.030.0186_trs_en.txt,Female,Linda G. Kuzmack; Linda G. Kuzmack,0.100353922449225,0.0509048807081816,0.0313972014642892,0.0115607388356519,0.0658434306847097,0.0013562939306525,0.00533030986871148,0.0016923292887441,0.00949856327654819,0.0992388119226799,0.551678378033584,0.0711451395370229
RG-50.030.0200_trs_en.txt,Male,Linda G. Kuzmack; Linda G. Kuzmack,0.0757541031797434,0.0595235700214555,0.0300667381492496,0.0780781714098346,0.216813029859743,0.0666156836342379,0.0828236087951099,0.273568723087104,0.00440897779759788,0.0307801021272213,0.0375544139796571,0.0440128779590463
RG-50.030.0211_trs_en.txt,Male,Linda G. Kuzmack; Linda G. Kuzmack,0.216798276642925,0.0285153249849892,0.0174944943080383,0.321758559232093,0.174609235488585,0.0200646019766138,0.127610498391307,0.00968926099807194,0.00980767674096171,0.00501324678353544,0.0083220160865497,0.0603168083663286
RG-50.030.0215_trs_en.txt,Male,Linda G. Kuzmack; Linda G. Kuzmack,0.0516686727060413,0.091079882206571,0.0281257408115503,0.0721637175382915,0.311301818077435,0.00929193809963391,0.315992122670982,0.00521243076636451,0.00323231625168463,0.022870873614498,0.0129585793928639,0.0761019078640835
RG-50.030.0217_trs_en.txt,Male,Linda G. Kuzmack; Linda G. Kuzmack,0.232924004391718,0.0124579683298061,0.0457968296707428,0.114196396051089,0.192222311109581,0.0623449815235126,0.243135752350209,0.0221126835499576,0.0148573427201628,0.0132294978189918,0.0348912457102488,0.0118309867739805
RG-50.030.0264_trs_en.txt,Female,Linda G. Kuzmack; Linda G. Kuzmack,0.259062323173537,0.208576033279535,0.0487373640294495,0.0278451629601321,0.0230951681956317,0.00893370069502583,0.0353163578904704,0.00707379718513197,0.0170504641343937,0.107864609079486,0.0634405658673671,0.19300445350984
RG-50.030.0276_trs_en.txt,Male,Dr. Radu Ioanid; Dr. Radu Ioanid,0.0786450928100874,0.0372480937496364,0.0314520765151044,0.146095305641991,0.248234001479894,0.0159598298769879,0.168216082375286,0.124004867822875,0.00124320947973042,0.033953473984383,0.0659705665751992,0.0489773996888255
RG-50.030.0284_trs_en.txt,Male,Dr. Joan Ringelheim; Dr. Joan Ringelheim,0.0680952782784462,0.0549997527772593,0.0121138253364256,0.0183696453117898,0.0367843534137054,0.592250772529545,0.0721603475302786,0.00787742691437914,0.0182478980811307,0.0414730361554291,0.0483897957137564,0.0292378679578552
RG-50.030.0293_trs_en.txt,Female,Sandra Bradley; Sandra Bradley,0.313001118479825,0.00631075127165525,0.0208012294601943,0.231002183088399,0.0753017518659714,0.00772128482529546,0.108155021876952,0.00922247680024031,0.0112556961989352,0.0985551291415908,0.0426333691697689,0.0760399878211728
RG-50.030.0301_trs_en.txt,Male,Dr. Joan Ringelheim; Dr. Joan Ringelheim,0.0207887573725282,0.013356636825942,0.0153247170033166,0.00657955576815597,0.0195054619560885,0.0307587773517811,0.049536838922886,0.00257774775354484,0.781890596915748,0.0367446184672878,0.0158874285562323,0.00704886310648838
RG-50.030.0314_trs_en.txt,Male,Randy M. Goldman; Randy M. Goldman,0.0287470649896397,0.036153104758523,0.0417173042434968,0.0189505656995531,0.013553462476174,0.71705028658953,0.0277035811201804,0.00190672046251115,0.00113958900784067,0.0571837037338077,0.0125206179164684,0.0433739990022747
RG-50.030.0330_trs_en.txt,Male,Judith Goldstein; Judith Goldstein,0.0342904081331101,0.0153484638293717,0.0356748417005932,0.00149071471101797,0.000974878658224194,0.0726231894164998,0.254708534398756,0.000137161754335679,0.370232583233772,0.102488889458463,0.00166783328032227,0.110362501425535
RG-50.030.0335_trs_en.txt,Male,Randy M. Goldman; Randy M. Goldman,0.0770978392618639,0.0604287059715551,0.0179244401138594,0.0362358440855301,0.038443359039291,0.618775008740938,0.0371006743955023,0.00342995725098887,0.00458060993680005,0.0671607557590212,0.0115864504406572,0.027236355003993
RG-50.030.0358_trs_en.txt,Female,Randy M. Goldman; Randy M. Goldman,0.10689611042316,0.0112830691793772,0.0193812152727283,0.478194288207194,0.121854164408154,0.00785508705215907,0.00944961177014187,0.00143634910241558,0.0107841825530883,0.142048210530738,0.0179129022078413,0.072904809293002
RG-50.030.0400_trs_en.txt,Female,Katie Davis; Katie Davis,0.0296642248309907,0.0116254145572974,0.0115203937445773,0.582823999925888,0.101085635674308,0.00179065757284397,0.0574556956609394,0.000718728008086759,0.00394138826065081,0.0215841901013947,0.0133641611910995,0.164425510471924
RG-50.030.0406_trs_en.txt,Male,Dr. Joan Ringelheim; Dr. Joan Ringelheim,0.043861110447536,0.0115420149828171,0.0114874686113121,0.00536735101244983,0.0361534674050034,0.0107738311747143,0.0128400645890839,0.00325167806608352,0.811121991860648,0.01956769044513,0.0109801060555021,0.0230532253497203
RG-50.030.0412_trs_en.txt,Female,Dr. Joan Ringelheim; Dr. Joan Ringelheim,0.165496741205221,0.00909728155135137,0.0261942920003028,0.111991294008119,0.0978141766639557,0.0127643717021976,0.0863994962053344,0.00747622171606247,0.134546062438479,0.100241786677399,0.126755374767684,0.121222901063894
RG-50.030.0416_trs_en.txt,Male,Ina Navazelskis; Ina Navazelskis,0.0368953392773042,0.0111247218120982,0.0332028574977793,0.0708862958746824,0.361383538062592,0.00738338254117363,0.0666214831232222,0.0216400323233062,0.00558048845682859,0.173645891445911,0.0448238131523438,0.166812156432758
RG-50.030.0423_trs_en.txt,Male,Chris Johnson; Chris Johnson,0.184526807816595,0.175664557341831,0.0389362492102646,0.00108603871862602,0.0643966665895073,0.0686720262448693,0.0608354634918088,0.042645461359776,0.0227675790835657,0.057567741000536,0.205683652175669,0.0772177569669512
RG-50.030.0424_trs_en.txt,Male,Randy M. Goldman; Randy M. Goldman,0.0718917344385127,0.0116688991643118,0.0252607560986798,0.359809199172764,0.184841796239276,0.0422320818359347,0.0518696230831084,0.04264797715023,0.00439530071415873,0.0832736520329588,0.0118663269906629,0.110242653079402
RG-50.030.0443_trs_en.txt,Male,Mr. Scott Miller; Mr. Scott Miller,0.0512312060143286,0.358326599207055,0.0203635485110342,0.0344880187165888,0.0301276475066831,0.149273650269662,0.150420337586414,0.0122653539926336,0.0971164871474992,0.0618554620974059,0.00559820217368312,0.0289334867770125
RG-50.030.0482_trs_en.txt,Female,Vera Frankl; Vera Frankl,0.0267516237474893,0.014508351215414,0.0223842201796678,0.0077859255053542,0.0513652588287529,0.449400348694891,0.0223611372405319,0.0152245832915059,0.00848874975220172,0.188715196273973,0.180089194417254,0.0129254108529647
RG-50.030.0518_trs_en.txt,Female,Sidney M. Bolkosky; Sidney M. Bolkosky,0.0406491315317056,0.0244842810914033,0.052064990719213,0.184561143606077,0.17820077049087,0.000807357477822347,0.0600739214813006,0.000316908143005895,0.00077988567508269,0.159522361020689,0.0648289290913398,0.233710319671491
RG-50.030.0534_trs_en.txt,Female,Peggy Frankston; Peggy Frankston,0.0195720140193963,0.0333960845802397,0.100873517088594,0.012946925711883,0.0259664823885492,0.0010649583237572,0.0066251005065223,0.000938858668959724,0.0141901006759488,0.253227945080901,0.356521219475445,0.174676793479804
RG-50.030.0547_trs_en.txt,Female,Ina Navazelskis; Ina Navazelskis,0.0996028823680222,0.0411668596995836,0.0717006093961654,0.00890893550419814,0.0582663023275828,0.000396651221653034,0.0110789372047503,0.000260712962230929,0.00443729320738323,0.150622243747174,0.327973199509035,0.225585372852222
RG-50.030.0590_trs_en.txt,Female,Ina Navazelskis; Ina Navazelskis,0.0619255048603322,0.0101552162239684,0.0287187711290333,0.13759778063666,0.0793252998890142,0.000417610997795037,0.0588379454415355,0.000504311563840123,0.0217779662704619,0.116308714884169,0.063522660939818,0.420908217163372
RG-50.030.0591_trs_en.txt,Female,Ina Navazelskis; Ina Navazelskis,0.122092470356841,0.0340528151944146,0.0417164157736041,0.023501482595704,0.0305883126185599,0.00060724914195545,0.015861881113568,0.000461296246805936,0.00882290178027601,0.169548023016379,0.116572393516012,0.43617475864588
RG-50.030.0592_trs_en.txt,Male,Ann E. Erling Gofus; Ann E. Erling Gofus,0.0240042592814729,0.349599454476733,0.0548365701481558,0.00184789799717203,0.056054149209071,0.199977697483606,0.0296626964201969,0.00460490170539547,0.0170350941443559,0.0514341879618049,0.0532693097926521,0.157673781379384
RG-50.030.0605_trs_en.txt,Female,Agnieszka McClure; Agnieszka McClure,0.0661375667425607,0.339830404054278,0.0394754113511647,0.00146573821673203,0.0340931596194583,0.000729260414333386,0.00441096049017791,0.000657271927742465,0.00322843028301713,0.0991987076453738,0.230359696434931,0.180413392820231
RG-50.030.0616_trs_en.txt,Female,Ina Navazelskis; Ina Navazelskis,0.0344801678925502,0.177337801325544,0.0487595936669303,0.00533595287277754,0.00458887957707526,0.00075234666103346,0.0250312306047905,6.60910681106164e-05,0.00142871637938706,0.118768641950479,0.0466658219893397,0.536784756011982
RG-50.030.0695_trs_en.txt,Male,Ina Navazelskis; Ina Navazelskis,0.0639683531272238,0.0307758186802395,0.0226274369369465,0.026936991537804,0.22537148122842,0.0104404818261961,0.16910632342854,0.00223519551475471,0.00770112912767812,0.232468134665594,0.0448811481423533,0.16348750578425
RG-50.030.0698_trs_en.txt,Female,Ina Navazelskis; Ina Navazelskis,0.0335078445614482,0.00287471206377947,0.0705643871911162,0.210289840554005,0.21452549869991,0.000569427196139899,0.121118326173038,0.000762836123061545,0.00738935025628738,0.129136588500675,0.0569273838578843,0.152333804822656
RG-50.030.0710_trs_en.txt,Male,Duncan Little; Duncan Little,0.0609507882722947,0.0630619302340909,0.0651480171453674,0.0206272183378855,0.241388064403321,0.0440960248774841,0.0349252407292205,0.309626246618827,0.0322228502433388,0.0760045612161401,0.0494347661395899,0.00251429178243989
RG-50.030.0721_trs_en.txt,Female,Ina Navazelskis; Ina Navazelskis,0.0820352222012684,0.0753484386518367,0.0578272925857508,0.00641482840925892,0.0151669581890145,0.000442816834027508,0.00933029571018565,0.0001498653350863,0.00455746757250264,0.0900822140192212,0.282066436621184,0.376578163870663
RG-50.030.0769_trs_en.txt,Male,Ina Navazelskis; Ina Navazelskis,0.0580512835087557,0.0532161906742629,0.0219118149844845,0.039536005024647,0.114073745520679,0.0216136442430549,0.395312546363964,0.00547407673492082,0.0137892982779912,0.0826721664238477,0.0408905454810148,0.153458682762377
RG-50.030.0788_trs_en.txt,Male,Ina Navazelskis; Ina Navazelskis,0.0365653542622319,0.10796479318691,0.0163621513377213,0.0105707871339206,0.103269977752894,0.032106411344317,0.309673831711792,0.0059744177938597,0.00412239154072984,0.108230701254872,0.135495567993579,0.129663614687173
RG-50.030.0790_trs_en.txt,Female,Ina Navazelskis; Ina Navazelskis,0.0596197819847605,0.0278642803278825,0.0295035638734792,0.0214019079165747,0.340064372212801,0.000230830436135037,0.0392304091345709,0.000649015979677056,0.00135986681957165,0.0541763265625934,0.343852830633736,0.0820468141182185
RG-50.030.0814_trs_en.txt,Female,Ina Navazelskis; Ina Navazelskis,0.113415935027345,0.0482001356098095,0.0275837109952245,0.0343804116678409,0.0788555001589323,0.000415755678754746,0.0333505856279434,0.00235845459530813,0.00214794920773917,0.0779146129263636,0.0731782701715472,0.508198678333192
RG-50.030.0841_trs_en.txt,Male,Ina Navazelskis; Ina Navazelskis,0.114703604752251,0.0375986658693277,0.0804617029867972,0.0368333919995479,0.214788172423682,0.00308820015410929,0.0382427081065976,0.0107066117530602,0.0199996208620358,0.0996479849231017,0.197622024974579,0.14630731119491
RG-50.042.0007_trs_en.txt,Male,Sandra Bradley; Sandra Bradley,0.0355083005195588,0.025441243036384,0.0254326213277094,0.0173328535809059,0.39214200510278,0.0142210785313034,0.0181302288068508,0.177140813251104,0.0164671523442075,0.167511948274606,0.0797551289697194,0.0309166262548716
RG-50.042.0016_trs_en.txt,Male,Sandra Bradley; Sandra Bradley,0.10467874840466,0.0116325182528023,0.0310886548541178,0.0529437470735225,0.133745124958492,0.0525077971151759,0.057440032954897,0.424489919042656,0.0656359685746311,0.0414313581383381,0.0113487716552602,0.0130573589754477
RG-50.106.0007_trs_en.txt,Male,Gail Schwartz; Gail Schwartz,0.0526920378274601,0.0704052788079465,0.0434880453500788,0.0253462160309909,0.3476242182237,0.00515248617529067,0.0159121057187734,0.0417489486907936,0.00450234312493872,0.117219705075552,0.0745525661028588,0.201356048871617
RG-50.106.0122_trs_en.txt,Male,Mira Hodos; Mira Hodos,0.0723682731886642,0.051814258928014,0.015750510205223,0.0473999810067304,0.605332356535919,0.0081966183374651,0.0295228826553326,0.0224955330750642,0.00688466228902402,0.0526147328572166,0.0158712778956773,0.0717489130256703
RG-50.106.0131_trs_en.txt,Male,Gail Schwartz; Gail Schwartz,0.0500234035180219,0.0409021007263934,0.0158709837933713,0.0121885203574522,0.1927404217781,0.0220538767767034,0.0725582332695713,0.00564973076296954,0.00295159180937951,0.171335252118976,0.17612847709797,0.237597407991092
RG-50.106.0147_trs_en.txt,Female,Gail Schwartz; Gail Schwartz,0.0475266885346503,0.0576761460984726,0.0133523519671773,0.00649600279696433,0.0610250954305109,0.0101034143165841,0.0366753509145897,0.00468116783776631,0.00344707563502249,0.224611284999404,0.42698236780786,0.107423053660998
RG-50.106.0192_trs_en.txt,Male,Gail Schwartz; Gail Schwartz,0.0443936357763064,0.149687437536846,0.0229946271408664,0.0197457220081705,0.0720914721933383,0.0834239999692992,0.181093119916941,0.00438993183276238,0.0164579142143598,0.178513906624725,0.0678421217504226,0.159366111035962
RG-50.106.0202_trs_en.txt,Male,Gail Schwartz; Gail Schwartz,0.0263591579653623,0.0471215095698454,0.0667644913907468,0.0122500555278844,0.0403531198490334,0.0104536184775002,0.109700462682639,0.0480056253267176,0.00547179049904879,0.205322937561649,0.0851618738100125,0.343035357339561
RG-50.106.0215_trs_en.txt,Male,Gail Schwartz; Gail Schwartz,0.020648255835845,0.424825601316724,0.0461232357918842,0.00130026595448822,0.0332164694902324,0.0617227225527337,0.049068526449226,0.00135220951832771,0.00581004211761473,0.0843066822345472,0.107431667546139,0.164194321192238
RG-50.106.0226_trs_en.txt,Male,Gail Schwartz; Gail Schwartz,0.0553771079524701,0.096936512280196,0.0508527661611764,0.0288790274614544,0.104561591162677,0.0141891129348536,0.043178037669026,0.0638749521729211,0.00201408100629555,0.104944499062709,0.0600622541823226,0.375130057953898
RG-50.233.0060_trs_en.txt,Male,Anthony Young; Anthony Young,0.00184206145405084,0.0384668102455394,0.0223680797348329,0.253877697257436,0.21274898977213,0.00701899975730315,0.198976775063123,0.0562600014370781,0.0380551548089766,0.00522441140683934,0.048967687852333,0.116193331210358
RG-50.233.0119_01_trs_en.txt,Male,NULL,0.177871078772379,0.0255964330678479,0.0122829602584111,0.0967472406133681,0.0579564724867064,0.0282305723439962,0.200360991480039,0.046889807958941,0.0104799503143119,0.0723529968091047,0.0449757590321316,0.226255736862763
RG-50.233.0129_trs_en.txt,Male,Jennifer Clayman,0.122192647969514,0.095742184386588,0.0046786800312442,0.068827798740658,0.39364144298919,0.0249772398118199,0.042414358821394,0.0507027243183341,0.00961541756711972,0.0629565309410281,0.00282840436083763,0.121422570062272
RG-50.234.0022_trs_en.txt,Male,NULL,0.0114799701045072,0.0825300114658372,0.0177617721646655,0.00627658203545401,0.0040721069143028,0.411789762719285,0.369326395609419,0.0150513406837409,0.0045463463586874,0.0482387709832534,0.00838054556565851,0.0205463953951888
RG-50.470.0006_trs_en.txt,Female,Sandra Bradley,0.0519485573407081,0.05057844250496,0.0181017359756547,0.30965408586083,0.169940916085497,0.0245999055995658,0.0141206265583595,0.0862612314595418,0.120900276698809,0.0401302249060688,0.0775458358047131,0.0362181612052932
RG-50.470.0015_trs_en.txt,Male,Sandra Bradley,0.0098783159792525,0.0796382750579449,0.000851219659934178,0.0665966940175063,0.306043860756457,0.314549225206559,0.0264188242128577,0.159443071504179,0.00228581345208888,0.0236491045342907,0.00640485307351652,0.00424074254541362
RG-50.471.0009_trs_en.txt,Male,Sandra Bradley,0.0277473703314837,0.00804187183617478,0.0024083360297677,0.248037058390889,0.0862484594240271,0.00699800997377409,0.0414144176673549,0.532738871034895,0.00381904803094758,0.00329592141387332,0.00592192506092487,0.0333287108058881
RG-50.471.0016_trs_en.txt,Female,Sandra Bradley,0.00611843118992415,0.00140279526935695,0.00134168885322293,0.128702472052084,0.0234532283384939,0.00136575053422316,0.00233133440008012,0.72382733745998,0.00438765303186211,0.0643410079343403,0.0171362336303947,0.0255920673060375
RG-50.549.01.0005_trs_en.txt,Male,Katie Davis,0.0181599527203235,0.0625510283954833,0.00117284838691491,0.028262777861227,0.0586652818818664,0.132111791205955,0.0684884818405784,0.0439583598181354,0.0152633410089044,0.172657174558158,0.352460363957627,0.0462485983648273
RG-50.549.01.0021_trs_en.txt,Female,Regine Beyer,0.109560635115301,0.0539752125475214,0.00658557820857649,0.133589886673104,0.138639149417686,0.00754984409351921,0.0304925593679759,0.00767602809738267,0.00231534537097906,0.229311846062131,0.0332538052627621,0.247050109783062
RG-50.549.01.0025_trs_en.txt,Male,Dan Collison,0.0120295576749107,0.0362352354569808,0.00263651111755851,0.0156160577382888,0.00839997132854263,0.1612054893207,0.431072994258427,0.00235944227902228,0.0616801348670265,0.248099082451005,0.0145087762545283,0.00615674725301046
RG-50.549.02.0007_trs_en.txt,Male,Dan Gedimen; Dan Gedimen,0.0277228687119937,0.0690388712033621,0.0361727833546699,0.00626086135632809,0.108690972887099,0.0499012011784178,0.0411626296659033,0.0576256570098889,0.0187900086380068,0.504470468461212,0.0093525696168771,0.0708111079162415
RG-50.549.02.0032_trs_en.txt,Male,Melissa Block; Melissa Block,0.0685145105094115,0.163122893943391,0.0287417870322152,0.01478465100749,0.0867677722209435,0.117686440923897,0.0302753387701537,0.0507218151160519,0.00635704676528317,0.32204251553702,0.0257417316389332,0.0852434965352088
RG-50.549.02.0049_trs_en.txt,Female,Arwin Donohue; Arwin Donohue,0.0958361445659351,0.197716628109172,0.024590896819944,0.00254825206556135,0.0181198025364202,0.0241392692481958,0.0133665024531746,0.0108770346091285,0.00124940156347402,0.230264366550988,0.143531104313565,0.237760597164441
RG-50.549.02.0053_trs_en.txt,Female,Regine Beyer,0.132129256617814,0.0630006526681643,0.0308083410509267,0.0594040039333794,0.11355371223306,0.0127405665342748,0.0162627881430046,0.0108825643589141,0.00274633444141884,0.393785719479244,0.0231360992926404,0.141549961247159
RG-50.549.03.0003_trs_en.txt,Female,Regine Beyer,0.111129562705143,0.0798496650725127,0.0113138551349355,0.0203667478449862,0.0679672956123084,0.0257776618102737,0.0737151274421352,0.00223751272904296,0.00265353098454101,0.425102290210963,0.0743966312363096,0.105490119216849
RG-50.562.0001_trs_en.txt,Male,Dr. Joan Ringelheim; Dr. Joan Ringelheim,0.0741138263799488,0.0284807797023264,0.00325676075182461,0.017654933571559,0.278565157498735,0.026817568025333,0.0321760422382106,0.077162243787873,0.051387477172646,0.0746232598144222,0.181410229791883,0.154351721265238
RG-50.999.0457_trs_en.txt,Female,NULL,0.0726466750154187,0.00282769637831972,0.348449671456243,0.10199572467324,0.0981367054395555,0.00100547838962946,0.0158689893171436,0.020856442364597,0.00421607985508706,0.151014701164482,0.123280365301696,0.0597014706445879
RG-50.999.0460_trs_en.txt,Female,NULL,0.170395071239989,0.032916413847721,0.232059749156357,0.0704634765744658,0.0503392754929317,0.00791394075112673,0.096939743577389,0.0108226553121589,0.0110811516954523,0.128271113405621,0.124511143824073,0.0642862651227149
RG-50.999.0469_trs_en.txt,Female,NULL,0.0515786618914426,0.0400289976122922,0.52531115305169,0.0116193706159885,0.0148819152842523,0.00453684258946855,0.0373525848691413,0.00771951562432454,0.0148338891959261,0.101659016273513,0.121988536550559,0.0684895164414017
RG-50.999.0473_trs_en.txt,Male,NULL,0.0371824032872952,0.0275471986358244,0.11448077594564,0.0417614399849282,0.0509666268439788,0.0275024755838098,0.396016116537189,0.0268653056681396,0.00376528529854986,0.0909108480901918,0.106344112866748,0.076657411257705
RG-50.999.0483_trs_en.txt,Male,NULL,0.113161893707682,0.0320484645174295,0.360808548228904,0.012309679946663,0.0176325107668626,0.0386763288695659,0.0591822181183888,0.0772290323243268,0.0185894991800816,0.102559813837115,0.106035489992508,0.0617665205104724
RG-50.999.0485_trs_en.txt,Male,NULL,0.0328587729932562,0.0297587981005711,0.0800539011429831,0.00573051518820933,0.0387644476331621,0.0206688595234911,0.0220773302482489,0.564575752631271,0.0112383336712771,0.0676761836144968,0.0534330247843379,0.0731640804686958
RG-50.999.0494_trs_en.txt,Male,NULL,0.0899639328775429,0.0616586666515364,0.245639977449199,0.00857214703478072,0.0546661857220727,0.0156482785145737,0.0378751277808209,0.301692424822525,0.0284784847966804,0.05672929125435,0.0383430837988451,0.0607323992970731
RG-50.999.0523_trs_en.txt,Male,NULL,0.0670417760308416,0.00744999401392509,0.161968224210043,0.0406848901375262,0.245483824863797,0.014123493799973,0.0687862872919637,0.140304901324603,0.0100162090472896,0.133512517599903,0.059778105798582,0.0508497758815532
RG-50.999.0524_trs_en.txt,Male,NULL,0.10713531346046,0.281271437656764,0.305137426835593,0.00395524094244353,0.0703553408140777,0.010027445856656,0.0136083097855216,0.0100424911850467,0.0185375199104161,0.0755642916970458,0.033852296948604,0.0705128849073722
RG-50.999.0528_trs_en.txt,Male,NULL,0.123914523557522,0.0778728495648863,0.346741361783455,0.0129675903408912,0.0817175144073131,0.01153817299584,0.057791950971017,0.0350097491779937,0.018884422328068,0.0610433542764679,0.100713224829278,0.071805285767268
RG-50.999.0529_trs_en.txt,Male,NULL,0.0497919763184653,0.0428030537474287,0.187069680456049,0.00673497753389049,0.0458175730455909,0.0259685353677104,0.0202498402681561,0.371719051922211,0.0178336699120148,0.0715075841346062,0.0590371097281278,0.101466947565749
RG-50.999.0542_trs_en.txt,Female,NULL,0.20392962485592,0.0441416602252121,0.264011976718449,0.107053736650453,0.180013758585234,0.00139783405306173,0.0411834420111526,0.0413458435332601,0.01181441320275,0.0415362286811734,0.0200648202731474,0.0435066612101875
RG-50.999.0546_trs_en.txt,Male,NULL,0.0437959930307673,0.0513964907923583,0.379591337968903,0.0275374570172634,0.0469954036991322,0.06614602290199,0.0393609268531129,0.125945686980761,0.0121341909883051,0.101655129214229,0.03258436838494,0.0728569921682369
RG-50.999.0550_trs_en.txt,Male,NULL,0.147632490280791,0.0967727418108533,0.530895704999163,0.0040185993439291,0.0115463201936429,0.0260581021954395,0.0125845392745101,0.00755832525586038,0.00534620826921615,0.0852929653083872,0.0271026237133065,0.0451913793549007
RG-50.999.0566_trs_en.txt,Male,NULL,0.0597637400227568,0.0367634359391888,0.0817105612591572,0.0105097308278627,0.0557254439332509,0.00874111468847636,0.0196087110869974,0.481288926970284,0.0162088331452731,0.0790865019151566,0.0251992111377327,0.125393789073864
RG-50.999.0573_trs_en.txt,Female,NULL,0.0964053479148545,0.0117816233539343,0.368015347028229,0.0425378695039827,0.0306702966706324,0.0234520723012699,0.0633027826581477,0.0554265622748207,0.00566709363797143,0.0819052424989812,0.0932640245390425,0.127571737618133
RG-50.999.0579_trs_en.txt,Male,NULL,0.144905680666969,0.129932869869724,0.455385244003949,0.00314165208041312,0.00617871897704271,0.0406429538823749,0.0171282155489115,0.00478934629700426,0.0032508189337818,0.0891426957638545,0.0386621392210708,0.066839664754904
RG-50.999.0597_trs_en.txt,Female,NULL,0.0406948690644264,0.00290313241210887,0.0890091110870784,0.0929521339708774,0.0818892669452229,0.000224305420949789,0.0144682461589635,0.0149940428485969,0.479930852976606,0.0950728264139571,0.0478185650623863,0.0400426476388263
RG-50.999.0612_trs_en.txt,Female,NULL,0.066625141074112,0.0200484621186583,0.332738515556212,0.0802971841854581,0.129559916674073,0.0113393165513935,0.0298010186366557,0.0331527010804027,0.00916497437965634,0.0511489735315928,0.148965243278371,0.0871585529334148
